function pos_final = sparse_array_def()

    pos_final = zeros(3,15);
    sz = 200;
    %sz = 37.96;

    %x-positions (um)
    pos_final(1,1) = -43.6783e-6;
    pos_final(1,2) = -37.579e-6;
    pos_final(1,3) = -78.59419e-6;
    pos_final(1,4) = -19.3445e-6;
    pos_final(1,5) = -7.9172e-6;
    pos_final(1,6) = 25.8374e-6;
    pos_final(1,7) = -26.906e-6;
    pos_final(1,8) = -29.4685e-6;
    pos_final(1,9) = 0e-6;
    pos_final(1,10) = -62.5942e-6;
    pos_final(1,11) = 49.5753e-6;
    pos_final(1,12) = -70.4111e-6;
    pos_final(1,13) = 38.0176e-6;
    pos_final(1,14) = -12.2244e-6;
    pos_final(1,15) = 8.8388e-6;

    %y-positions (um)
    pos_final(2,1) = 93.0159e-6;
    pos_final(2,2) = 81.2645e-6;
    pos_final(2,3) = 72.2351e-6;
    pos_final(2,4) = 60.768e-6;
    pos_final(2,5) = 48.8554e-6;
    pos_final(2,6) = 36.3142e-6;
    pos_final(2,7) = 24.9693e-6;
    pos_final(2,8) = 10.8161e-6;
    pos_final(2,9) = 0e-6;
    pos_final(2,10) = -12.1601e-6;
    pos_final(2,11) = -27.9064e-6;
    pos_final(2,12) = -42.9476e-6;
    pos_final(2,13) = -53.0599e-6;
    pos_final(2,14) = -68.8432e-6;
    pos_final(2,15) = -84.6866e-6;

