function pos_final = sparse_array_def2()

    pos_final = zeros(3,15);
    sz = 200;
    %sz = 37.96;

    %x-positions (um)
    pos_final(1,15) = -14.7440e-6;
    pos_final(1,14) = -8.6380e-6;
    pos_final(1,13) = -49.6800e-6;
    pos_final(1,12) = 9.6080e-6;
    pos_final(1,11) = 21.0740e-6;
    pos_final(1,10) = 54.8090e-6;
    pos_final(1,9) = 2.1460e-6;
    pos_final(1,8) = 0e-6;
    pos_final(1,7) = 28.970e-6;
    pos_final(1,6) = -33.6580e-6;
    pos_final(1,5) = 78.5890e-6;
    pos_final(1,4) = -41.3260e-6;
    pos_final(1,3) = 66.9490e-6;
    pos_final(1,2) = 16.8340e-6;
    pos_final(1,1) = 38.1290e-6;

    %y-positions (um)
    pos_final(2,15) = 82.2360e-6;
    pos_final(2,14) = 70.4160e-6;
    pos_final(2,13) = 61.3760e-6;
    pos_final(2,12) = 49.9460e-6;
    pos_final(2,11) = 38.0560e-6;
    pos_final(2,10) = 25.5260e-6;
    pos_final(2,9) = 14.1660e-6;
    pos_final(2,8) = 0e-6;
    pos_final(2,7) = -10.7160e-6;
    pos_final(2,6) = -22.9380e-6;
    pos_final(2,5) = -38.6640e-6;
    pos_final(2,4) = -53.8200e-6;
    pos_final(2,3) = -63.9650e-6;
    pos_final(2,2) = -79.6230e-6;
    pos_final(2,1) = -95.5040e-6;

